Experiment 1: 2D  -- close
349
349
349
349
349
349
349
349
349
349
349
349
349
349
349
349
349
349
349
349
349
349
349
349
349
349
349
349
349
349
349
349
349
349
349
349
349
349
349
349
349
349
349
349
349
349
349
349
349
349
349
349
349
349
349
349
349
349
349
349
349
349
349
349
349
349
349
349
349
349
349
349
349
349
349
349
349
349
349
349
349
349
349
349
349
349
349
349
349
349
349
349
349
349
349
349
349
349
349
349
Experiment 2: 2D  -- far
398970
398970
398970
398970
398970
398970
398970
398970
398970
398970
398970
398970
398970
398970
398970
398970
398970
398970
398970
398970
398970
398970
398970
398970
398970
398970
398970
398970
398970
398970
398970
398970
398970
398970
398970
398970
398970
398970
398970
398970
398970
398970
398970
398970
398970
398970
398970
398970
398970
398970
398970
398970
398970
398970
398970
398970
398970
398970
398970
398970
398970
398970
398970
398970
398970
398970
398970
398970
398970
398970
398970
398970
398970
398970
398970
398970
398970
398970
398970
398970
398970
398970
398970
398970
398970
398970
398970
398970
398970
398970
398970
398970
398970
398970
398970
398970
398970
398970
398970
398970
Experiment 3: 3D  -- close
222877
241797
215396
231693
253116
241687
187166
248974
185086
180946
220689
245554
207730
184287
249571
231147
227442
203399
211048
203748
224872
221169
272364
261171
228355
210001
249866
253958
231827
188457
227253
243840
187695
229379
205310
256631
244085
259636
247620
223795
212468
205478
185650
245038
Experiment 1: 2D  -- far
205837
205837
205837
205837
205837
205837
205837
205837
205837
205837
205837
205837
205837
205837
205837
205837
205837
205837
205837
205837
205837
205837
205837
205837
205837
205837
205837
205837
205837
205837
205837
205837
205837
205837
205837
205837
205837
205837
205837
205837
205837
205837
205837
205837
205837
205837
205837
205837
205837
205837
205837
205837
205837
205837
205837
205837
205837
205837
205837
205837
205837
205837
205837
205837
205837
205837
205837
205837
205837
205837
205837
205837
205837
205837
205837
205837
205837
205837
205837
205837
205837
205837
205837
205837
205837
205837
205837
205837
205837
205837
205837
205837
205837
205837
205837
205837
205837
205837
205837
205837
Experiment 4 : 3D  -- far
434660
434660
434660
434660
434660
434660
434660
434660
434660
434660
434660
434660
434660
434660
434660
434660
434660
434660
434660
434660
434660
434660
434660
434660
434660
434660
434660
434660
434660
434660
434660
434660
434660
434660
434660
434660
434660
434660
434660
434660
434660
434660
434660
434660
434660
434660
434660
434660
434660
434660
434660
434660
434660
434660
434660
434660
434660
434660
434660
434660
434660
434660
434660
434660
434660
434660
434660
434660
434660
434660
434660
434660
434660
434660
434660
434660
434660
434660
434660
434660
434660
434660
434660
434660
434660
434660
434660
434660
434660
434660
434660
434660
434660
434660
434660
434660
434660
434660
434660
434660
